DENSITY: 0.0021394725194615843
MIN_DEGREE: 0.0
SINGLETON: 150
MULTI-LABEL: True
EDGES: 1643.5
SYMMETRIC: True
DEGREES: 3287.0
MAX_DEGREE: 27.0
LABELS_DIST: 
[0.31532258 0.08790323 0.06048387 0.04435484 0.96048387 0.20806452
 0.04758065 0.02741935 0.18951613 0.21129032 0.07258065 0.31532258
 0.04758065]
FEATURES: 831
MEAN_DEGREE: 2.6508064516129033
NODES: 1240
