DENSITY: 0.0014399999126942077
MIN_DEGREE: 0
SINGLETON: 1143
MULTI-LABEL: False
EDGES: 5278
SYMMETRIC: False
DEGREES: 5429
MAX_DEGREE: 166
LABELS_DIST: 
[0.12961595 0.08013294 0.15435746 0.30206795 0.15731167 0.11004431
 0.06646972]
FEATURES: 1433
MEAN_DEGREE: 2.00480059084195
NODES: 2708
